I
1000 Generated by WorldEditor

1    512 0 0 LFFC Mantes Cherence
100 100.00 15 0 0.25 0 0 0 04  49.07742088  001.68776906  120    0 1 0 0 0 22  49.08401725  001.69485703  350    0 1 0 0 0
100 99.97 15 0 0.25 0 0 0 13  49.08125077  001.67997163    0    0 1 0 0 0 31  49.07712664  001.69057533    0    0 1 0 0 0
110 1 0.00 115.0000 Signals
111  49.07979722  001.69243915 20
111  49.07991131  001.69255460 20
111  49.07999292  001.69239013 20
113  49.07987945  001.69227007 20
110 5 0.00 35.0000 New Taxiway 11
111  49.07774496  001.69102737
111  49.07763982  001.69110187
112  49.07767149  001.69115620  49.07767259  001.69115704
112  49.07773427  001.69117806  49.07775299  001.69117049
113  49.07781378  001.69110380
110 3 0.00 57.0000 New Taxiway 10
111  49.07809427  001.69122277
111  49.07799951  001.69088791
111  49.07807990  001.69069046
111  49.07795834  001.69082351
111  49.07774496  001.69102737
111  49.07781378  001.69110380
111  49.07791223  001.69120805
113  49.07801475  001.69137843
110 1 0.00 35.0000 Asphalte Hangars
111  49.07978954  001.69227092
111  49.07858788  001.69092491
111  49.07853572  001.69101784
111  49.07870154  001.69120653
111  49.07868510  001.69123883
111  49.07928951  001.69190507
111  49.07926680  001.69195139
111  49.07934551  001.69204197
111  49.07970452  001.69244205
113  49.07970524  001.69244026
110 3 0.00 35.0000 Grass 04/22
111  49.07872359  001.68825219
111  49.07861176  001.68814872
111  49.07787303  001.69011453
111  49.07816146  001.69052255
111  49.07820445  001.69058045
111  49.07825517  001.69063581
111  49.07835441  001.69074847
111  49.07833375  001.69079497
111  49.07853572  001.69101784
111  49.07858788  001.69092491
111  49.07978954  001.69227092
111  49.07970452  001.69244205
111  49.08008798  001.69280731
111  49.08063881  001.69239511
111  49.08367516  001.69565978
113  49.08430029  001.69428120
110 3 0.00 300.0000 Grass 13/31
111  49.08271264  001.67832407
111  49.08192647  001.67737733
111  49.08138090  001.67821543
111  49.08126229  001.67812748
112  49.08028974  001.68003133  49.07975772  001.68126260
111  49.07919181  001.68295427
112  49.07871740  001.68438207  49.07860218  001.68469246
111  49.07773468  001.68689624
111  49.07700951  001.68859820
112  49.07672638  001.68926665  49.07664159  001.68943558
111  49.07630127  001.69001043
111  49.07749409  001.69105538
112  49.07763982  001.69110187  49.07771167  001.69104922
111  49.07774496  001.69102737
111  49.07795834  001.69082351
111  49.07807990  001.69069046
111  49.07816146  001.69052255
111  49.07787303  001.69011453
111  49.07861176  001.68814872
113  49.07872359  001.68825219
110 1 0.00 35.0000 Asphalt
111  49.07926680  001.69195139
111  49.07916950  001.69216508
111  49.07855648  001.69150941
111  49.07842255  001.69137258
111  49.07839372  001.69139685
111  49.07835230  001.69149934
111  49.07828100  001.69175342
111  49.07839368  001.69185172
111  49.07850207  001.69164365
111  49.07917173  001.69236289
111  49.07927690  001.69248577
111  49.07937993  001.69260046
111  49.07962676  001.69287243
111  49.07970510  001.69271515
111  49.07962114  001.69262451
111  49.07925253  001.69221525
111  49.07929194  001.69214127
113  49.07934551  001.69204197
110 4 0.00 35.0000 Dirt
111  49.07825517  001.69063581
111  49.07820445  001.69058045
111  49.07812373  001.69071544
111  49.07819800  001.69079143
112  49.07814091  001.69098712  49.07813304  001.69105000
112  49.07813853  001.69118076  49.07814701  001.69122423
111  49.07813853  001.69118076
112  49.07813853  001.69118076  49.07814701  001.69122423
112  49.07821629  001.69134876  49.07823446  001.69137188
111  49.07835230  001.69149934
111  49.07837605  001.69144107
111  49.07826118  001.69131677
112  49.07818803  001.69117707  49.07817894  001.69112621
112  49.07818981  001.69100588  49.07819371  001.69098300
111  49.07825089  001.69084515
111  49.07829274  001.69088725
113  49.07835441  001.69074847
110 3 0.00 90.0000 Grass
111  49.07929194  001.69214127
111  49.07925253  001.69221525
111  49.07962114  001.69262451
113  49.07965318  001.69255457
110 3 0.00 90.0000 Grass
111  49.07858483  001.69144742
111  49.07855648  001.69150941
111  49.07916950  001.69216508
113  49.07919397  001.69211302
110 3 0.00 90.0000 Grass
111  49.07833375  001.69079497
111  49.07829274  001.69088725
111  49.07812373  001.69071544
111  49.07807990  001.69069046
111  49.07799951  001.69088791
111  49.07809427  001.69122277
111  49.07801475  001.69137843
111  49.07795720  001.69149111
111  49.07823537  001.69179268
111  49.07839372  001.69139685
111  49.07842255  001.69137258
111  49.07855648  001.69150941
111  49.07870154  001.69120653
113  49.07853572  001.69101784
130 Airport Boundary 5
111  49.07628400  001.69002047
111  49.07794094  001.69150724
111  49.07971972  001.69344781
111  49.07993836  001.69299503
111  49.08063610  001.69243774
111  49.08367991  001.69570898
111  49.08434533  001.69427793
111  49.07877673  001.68823761
111  49.08274643  001.67829932
111  49.08194792  001.67730082
111  49.08132813  001.67803809
111  49.08113611  001.67813097
111  49.08012848  001.68017437
111  49.07916837  001.68293176
111  49.07870638  001.68433366
111  49.07793260  001.68627248
111  49.07708846  001.68830704
113  49.07671583  001.68920096
120 1
111  49.08424543  001.69433326 20
111  49.08426282  001.69428476 20
115  49.08423327  001.69425624
120 2
111  49.08424442  001.69433228 20
111  49.08426153  001.69428520 20
115  49.08423283  001.69425750
120 3
111  49.08424344  001.69433139 20
111  49.08426007  001.69428571 20
115  49.08423229  001.69425899
120 4
111  49.08424245  001.69433047 20
111  49.08425879  001.69428612 20
115  49.08423175  001.69426056
120 5
111  49.08424151  001.69432958 20
111  49.08425736  001.69428661 20
115  49.08423117  001.69426211
120 6
111  49.08424057  001.69432871 20
111  49.08425597  001.69428705 20
115  49.08423074  001.69426338
120 7
111  49.08423968  001.69432787 20
111  49.08425455  001.69428753 20
115  49.08423026  001.69426480
120 8
111  49.08423885  001.69432716 20
111  49.08425316  001.69428802 20
115  49.08422985  001.69426620
120 9
111  49.08423805  001.69432641 20
111  49.08425185  001.69428845 20
115  49.08422939  001.69426749
120 1
111  49.08090077  001.67968939 20
111  49.08086842  001.67966470 20
115  49.08084907  001.67971095
120 2
111  49.08090010  001.67969111 20
111  49.08086873  001.67966667 20
115  49.08085000  001.67971159
120 3
111  49.08089948  001.67969277 20
111  49.08086907  001.67966888 20
115  49.08085109  001.67971239
120 4
111  49.08089886  001.67969444 20
111  49.08086936  001.67967083 20
115  49.08085225  001.67971318
120 5
111  49.08089824  001.67969603 20
111  49.08086969  001.67967301 20
115  49.08085340  001.67971403
120 6
111  49.08089764  001.67969764 20
111  49.08087001  001.67967511 20
115  49.08085434  001.67971464
120 7
111  49.08089707  001.67969913 20
111  49.08087035  001.67967729 20
115  49.08085539  001.67971535
120 8
111  49.08089657  001.67970053 20
111  49.08087068  001.67967939 20
115  49.08085641  001.67971595
120 9
111  49.08089605  001.67970189 20
111  49.08087099  001.67968140 20
115  49.08085736  001.67971660
120 1
111  49.07858678  001.68813922 20
111  49.07857116  001.68818007 20
115  49.07860037  001.68821053
120 2
111  49.07858772  001.68813991 20
111  49.07857247  001.68817970 20
115  49.07860086  001.68820946
120 3
111  49.07858873  001.68814094 20
111  49.07857394  001.68817934 20
115  49.07860146  001.68820822
120 4
111  49.07858974  001.68814198 20
111  49.07857523  001.68817903 20
115  49.07860206  001.68820689
120 5
111  49.07859070  001.68814299 20
111  49.07857668  001.68817868 20
115  49.07860270  001.68820559
120 6
111  49.07859167  001.68814399 20
111  49.07857808  001.68817835 20
115  49.07860317  001.68820452
120 7
111  49.07859257  001.68814493 20
111  49.07857953  001.68817800 20
115  49.07860371  001.68820331
120 8
111  49.07859342  001.68814576 20
111  49.07858093  001.68817764 20
115  49.07860417  001.68820214
120 9
111  49.07859424  001.68814661 20
111  49.07858226  001.68817731 20
115  49.07860466  001.68820106
120 1
111  49.07782154  001.68737611 20
111  49.07785125  001.68740476 20
115  49.07786991  001.68736149
120 2
111  49.07782223  001.68737467 20
111  49.07785099  001.68740304 20
115  49.07786914  001.68736079
120 3
111  49.07782287  001.68737330 20
111  49.07785070  001.68740111 20
115  49.07786825  001.68735991
120 4
111  49.07782351  001.68737190 20
111  49.07785044  001.68739941 20
115  49.07786731  001.68735904
120 5
111  49.07782415  001.68737058 20
111  49.07785016  001.68739750 20
115  49.07786637  001.68735810
120 6
111  49.07782477  001.68736924 20
111  49.07784988  001.68739566 20
115  49.07786561  001.68735742
120 7
111  49.07782536  001.68736800 20
111  49.07784960  001.68739376 20
115  49.07786475  001.68735664
120 8
111  49.07782587  001.68736683 20
111  49.07784931  001.68739192 20
115  49.07786392  001.68735597
120 9
111  49.07782640  001.68736570 20
111  49.07784904  001.68739017 20
115  49.07786315  001.68735526
120 1
111  49.07738489  001.68860713 20
111  49.07740380  001.68856179 20
115  49.07737534  001.68853009
120 2
111  49.07738395  001.68860604 20
111  49.07740249  001.68856208 20
115  49.07737480  001.68853139
120 3
111  49.07738303  001.68860503 20
111  49.07740101  001.68856242 20
115  49.07737413  001.68853289
120 4
111  49.07738211  001.68860400 20
111  49.07739972  001.68856271 20
115  49.07737345  001.68853450
120 5
111  49.07738123  001.68860300 20
111  49.07739826  001.68856304 20
115  49.07737273  001.68853608
120 6
111  49.07738035  001.68860201 20
111  49.07739687  001.68856334 20
115  49.07737221  001.68853738
120 7
111  49.07737952  001.68860108 20
111  49.07739542  001.68856367 20
115  49.07737161  001.68853884
120 8
111  49.07737874  001.68860026 20
111  49.07739402  001.68856401 20
115  49.07737109  001.68854026
120 9
111  49.07737800  001.68859942 20
111  49.07739268  001.68856432 20
115  49.07737054  001.68854157
120 1
111  49.07815126  001.68937210 20
111  49.07812217  001.68934081 20
115  49.07810297  001.68938516
120 2
111  49.07815067  001.68937346 20
111  49.07812238  001.68934281 20
115  49.07810387  001.68938590
120 3
111  49.07815013  001.68937477 20
111  49.07812261  001.68934506 20
115  49.07810492  001.68938683
120 4
111  49.07814958  001.68937609 20
111  49.07812281  001.68934703 20
115  49.07810604  001.68938775
120 5
111  49.07814904  001.68937734 20
111  49.07812304  001.68934924 20
115  49.07810715  001.68938873
120 6
111  49.07814851  001.68937861 20
111  49.07812325  001.68935138 20
115  49.07810805  001.68938944
120 7
111  49.07814801  001.68937979 20
111  49.07812348  001.68935358 20
115  49.07810907  001.68939027
120 8
111  49.07814757  001.68938090 20
111  49.07812371  001.68935572 20
115  49.07811006  001.68939098
120 9
111  49.07814712  001.68938197 20
111  49.07812393  001.68935775 20
115  49.07811097  001.68939173
120 1
111  49.07749138  001.69089852 20
111  49.07752105  001.69092353 20
115  49.07753957  001.69087791
120 2
111  49.07749204  001.69089680 20
111  49.07752074  001.69092156 20
115  49.07753870  001.69087719
120 3
111  49.07749265  001.69089514 20
111  49.07752039  001.69091935 20
115  49.07753770  001.69087628
120 4
111  49.07749327  001.69089346 20
111  49.07752009  001.69091741 20
115  49.07753662  001.69087539
120 5
111  49.07749388  001.69089186 20
111  49.07751975  001.69091523 20
115  49.07753556  001.69087442
120 6
111  49.07749448  001.69089025 20
111  49.07751942  001.69091313 20
115  49.07753470  001.69087373
120 7
111  49.07749504  001.69088876 20
111  49.07751908  001.69091095 20
115  49.07753373  001.69087293
120 8
111  49.07749553  001.69088735 20
111  49.07751873  001.69090885 20
115  49.07753279  001.69087226
120 9
111  49.07749604  001.69088599 20
111  49.07751842  001.69090685 20
115  49.07753191  001.69087153
120 1
111  49.07718658  001.68827744 20
111  49.07716628  001.68832096 20
115  49.07719457  001.68835160
120 2
111  49.07718748  001.68827853 20
111  49.07716759  001.68832065 20
115  49.07719511  001.68835049
120 3
111  49.07718835  001.68827955 20
111  49.07716906  001.68832029 20
115  49.07719578  001.68834919
120 4
111  49.07718922  001.68828057 20
111  49.07717035  001.68832000 20
115  49.07719644  001.68834781
120 5
111  49.07719005  001.68828158 20
111  49.07717181  001.68831965 20
115  49.07719716  001.68834646
120 6
111  49.07719089  001.68828257 20
111  49.07717320  001.68831933 20
115  49.07719767  001.68834534
120 7
111  49.07719167  001.68828350 20
111  49.07717465  001.68831899 20
115  49.07719827  001.68834409
120 8
111  49.07719241  001.68828432 20
111  49.07717605  001.68831863 20
115  49.07719879  001.68834287
120 9
111  49.07719312  001.68828516 20
111  49.07717738  001.68831831 20
115  49.07719934  001.68834175
120 1
111  49.08376922  001.69537014 20
111  49.08375386  001.69540724 20
115  49.08372450  001.69537684
120 2
111  49.08376813  001.69536902 20
111  49.08375333  001.69540539 20
115  49.08372489  001.69537598
120 3
111  49.08376708  001.69536799 20
111  49.08375272  001.69540329 20
115  49.08372537  001.69537496
120 4
111  49.08376601  001.69536695 20
111  49.08375220  001.69540145 20
115  49.08372586  001.69537389
120 5
111  49.08376502  001.69536591 20
111  49.08375162  001.69539939 20
115  49.08372638  001.69537283
120 6
111  49.08376399  001.69536491 20
111  49.08375105  001.69539740 20
115  49.08372676  001.69537197
120 7
111  49.08376306  001.69536396 20
111  49.08375047  001.69539535 20
115  49.08372719  001.69537100
120 8
111  49.08376216  001.69536314 20
111  49.08374988  001.69539337 20
115  49.08372757  001.69537003
120 9
111  49.08376130  001.69536226 20
111  49.08374934  001.69539148 20
115  49.08372797  001.69536916
120 1
111  49.08160749  001.68033737 20
111  49.08163312  001.68035723 20
115  49.08161603  001.68040472
120 2
111  49.08160686  001.68033913 20
111  49.08163195  001.68035823 20
115  49.08161543  001.68040420
120 3
111  49.08160629  001.68034082 20
111  49.08163065  001.68035934 20
115  49.08161473  001.68040355
120 4
111  49.08160570  001.68034252 20
111  49.08162950  001.68036030 20
115  49.08161399  001.68040292
120 5
111  49.08160512  001.68034415 20
111  49.08162821  001.68036140 20
115  49.08161325  001.68040223
120 6
111  49.08160457  001.68034579 20
111  49.08162697  001.68036243 20
115  49.08161265  001.68040174
120 7
111  49.08160402  001.68034731 20
111  49.08162568  001.68036351 20
115  49.08161197  001.68040116
120 8
111  49.08160358  001.68034874 20
111  49.08162444  001.68036458 20
115  49.08161131  001.68040068
120 9
111  49.08160309  001.68035014 20
111  49.08162326  001.68036559 20
115  49.08161070  001.68040015
120 1
111  49.07677582  001.69025495 20
111  49.07675304  001.69023472 20
115  49.07676970  001.69018815
120 2
111  49.07677634  001.69025363 20
111  49.07675419  001.69023424 20
115  49.07677040  001.69018891
120 3
111  49.07677681  001.69025235 20
111  49.07675548  001.69023371 20
115  49.07677122  001.69018985
120 4
111  49.07677730  001.69025106 20
111  49.07675662  001.69023324 20
115  49.07677208  001.69019077
120 5
111  49.07677777  001.69024984 20
111  49.07675789  001.69023272 20
115  49.07677295  001.69019178
120 6
111  49.07677823  001.69024860 20
111  49.07675912  001.69023222 20
115  49.07677365  001.69019251
120 7
111  49.07677868  001.69024745 20
111  49.07676038  001.69023171 20
115  49.07677444  001.69019335
120 8
111  49.07677905  001.69024638 20
111  49.07676162  001.69023119 20
115  49.07677521  001.69019406
120 9
111  49.07677945  001.69024533 20
111  49.07676277  001.69023070 20
115  49.07677593  001.69019483
120 1
111  49.07766221  001.68724747 20
111  49.07767928  001.68721006 20
115  49.07770644  001.68723919
120 2
111  49.07766301  001.68724823 20
111  49.07767955  001.68721167 20
115  49.07770606  001.68724006
120 3
111  49.07766377  001.68724892 20
111  49.07767985  001.68721348 20
115  49.07770558  001.68724109
120 4
111  49.07766454  001.68724963 20
111  49.07768012  001.68721507 20
115  49.07770512  001.68724216
120 5
111  49.07766527  001.68725033 20
111  49.07768041  001.68721684 20
115  49.07770461  001.68724324
120 6
111  49.07766602  001.68725101 20
111  49.07768069  001.68721856 20
115  49.07770424  001.68724412
120 7
111  49.07766670  001.68725166 20
111  49.07768098  001.68722033 20
115  49.07770381  001.68724511
120 8
111  49.07766735  001.68725221 20
111  49.07768128  001.68722206 20
115  49.07770345  001.68724608
120 9
111  49.07766798  001.68725280 20
111  49.07768155  001.68722368 20
115  49.07770306  001.68724697
120 Linear Feature 3
111  49.08132174  001.69113794 20
115  49.08135065  001.69116754
120 Linear Feature 3
111  49.08132248  001.69113666 20
115  49.08135128  001.69116622
120 Linear Feature 3
111  49.08132326  001.69113532 20
115  49.08135207  001.69116458
120 Linear Feature 3
111  49.08132413  001.69113381 20
115  49.08135280  001.69116307
120 Linear Feature 3
111  49.08132496  001.69113235 20
115  49.08135358  001.69116145
120 Linear Feature 2
111  49.08135435  001.69115985 20
111  49.08132574  001.69113102 20
111  49.08132496  001.69113235 20
111  49.08132413  001.69113381 20
111  49.08132326  001.69113532 20
111  49.08132248  001.69113666 20
111  49.08132174  001.69113794 20
111  49.08132089  001.69113943 20
111  49.08134990  001.69116909 20
111  49.08135065  001.69116754 20
111  49.08135128  001.69116622 20
111  49.08135207  001.69116458 20
111  49.08135280  001.69116307 20
113  49.08135358  001.69116145 20
120 Linear Feature 3
111  49.08081121  001.69224384 20
115  49.08083959  001.69227462
120 Linear Feature 3
111  49.08081197  001.69224260 20
115  49.08084024  001.69227334
120 Linear Feature 3
111  49.08081278  001.69224128 20
115  49.08084106  001.69227174
120 Linear Feature 3
111  49.08081367  001.69223980 20
115  49.08084182  001.69227025
120 Linear Feature 3
111  49.08081453  001.69223839 20
115  49.08084262  001.69226866
120 Linear Feature 2
111  49.08084342  001.69226711 20
111  49.08081533  001.69223708 20
111  49.08081453  001.69223839 20
111  49.08081367  001.69223980 20
111  49.08081278  001.69224128 20
111  49.08081197  001.69224260 20
111  49.08081121  001.69224384 20
111  49.08081034  001.69224528 20
111  49.08083881  001.69227615 20
111  49.08083959  001.69227462 20
111  49.08084024  001.69227334 20
111  49.08084106  001.69227174 20
111  49.08084182  001.69227025 20
113  49.08084262  001.69226866 20
120 Linear Feature 3
111  49.08059265  001.69035421 20
115  49.08062033  001.69038642
120 Linear Feature 3
111  49.08059343  001.69035299 20
115  49.08062101  001.69038517
120 Linear Feature 3
111  49.08059427  001.69035171 20
115  49.08062186  001.69038362
120 Linear Feature 3
111  49.08059520  001.69035029 20
115  49.08062265  001.69038216
120 Linear Feature 3
111  49.08059609  001.69034892 20
115  49.08062349  001.69038062
120 Linear Feature 2
111  49.08062433  001.69037911 20
111  49.08059692  001.69034765 20
111  49.08059609  001.69034892 20
111  49.08059520  001.69035029 20
111  49.08059427  001.69035171 20
111  49.08059343  001.69035299 20
111  49.08059265  001.69035421 20
111  49.08059174  001.69035559 20
111  49.08061951  001.69038791 20
111  49.08062033  001.69038642 20
111  49.08062101  001.69038517 20
111  49.08062186  001.69038362 20
111  49.08062265  001.69038216 20
113  49.08062349  001.69038062 20
120 Linear Feature 3
111  49.08008166  001.69146269 20
115  49.08011004  001.69149347
120 Linear Feature 3
111  49.08008242  001.69146145 20
115  49.08011070  001.69149219
120 Linear Feature 3
111  49.08008323  001.69146013 20
115  49.08011151  001.69149058
120 Linear Feature 3
111  49.08008412  001.69145865 20
115  49.08011227  001.69148910
120 Linear Feature 3
111  49.08008499  001.69145723 20
115  49.08011307  001.69148751
120 Linear Feature 2
111  49.08011388  001.69148596 20
111  49.08008579  001.69145593 20
111  49.08008499  001.69145723 20
111  49.08008412  001.69145865 20
111  49.08008323  001.69146013 20
111  49.08008242  001.69146145 20
111  49.08008166  001.69146269 20
111  49.08008079  001.69146413 20
111  49.08010926  001.69149500 20
111  49.08011004  001.69149347 20
111  49.08011070  001.69149219 20
111  49.08011151  001.69149058 20
111  49.08011227  001.69148910 20
113  49.08011307  001.69148751 20
120 Linear Feature 3
111  49.08300294  001.69459797 20
115  49.08303132  001.69462875
120 Linear Feature 3
111  49.08300370  001.69459673 20
115  49.08303198  001.69462747
120 Linear Feature 3
111  49.08300451  001.69459541 20
115  49.08303280  001.69462586
120 Linear Feature 3
111  49.08300541  001.69459393 20
115  49.08303355  001.69462438
120 Linear Feature 3
111  49.08300627  001.69459251 20
115  49.08303436  001.69462279
120 Linear Feature 2
111  49.08303516  001.69462122 20
111  49.08300706  001.69459121 20
111  49.08300627  001.69459251 20
111  49.08300541  001.69459393 20
111  49.08300451  001.69459541 20
111  49.08300370  001.69459673 20
111  49.08300294  001.69459797 20
111  49.08300207  001.69459941 20
111  49.08303055  001.69463028 20
111  49.08303132  001.69462875 20
111  49.08303198  001.69462747 20
111  49.08303280  001.69462586 20
111  49.08303355  001.69462438 20
113  49.08303436  001.69462279 20
120 Linear Feature 3
111  49.08227142  001.69381400 20
115  49.08229979  001.69384478
120 Linear Feature 3
111  49.08227218  001.69381276 20
115  49.08230045  001.69384350
120 Linear Feature 3
111  49.08227298  001.69381144 20
115  49.08230127  001.69384189
120 Linear Feature 3
111  49.08227388  001.69380996 20
115  49.08230202  001.69384041
120 Linear Feature 3
111  49.08227474  001.69380854 20
115  49.08230283  001.69383882
120 Linear Feature 2
111  49.08230363  001.69383726 20
111  49.08227554  001.69380724 20
111  49.08227474  001.69380854 20
111  49.08227388  001.69380996 20
111  49.08227298  001.69381144 20
111  49.08227218  001.69381276 20
111  49.08227142  001.69381400 20
111  49.08227055  001.69381544 20
111  49.08229902  001.69384631 20
111  49.08229979  001.69384478 20
111  49.08230045  001.69384350 20
111  49.08230127  001.69384189 20
111  49.08230202  001.69384041 20
113  49.08230283  001.69383882 20
120 Linear Feature 3
111  49.08153996  001.69302541 20
115  49.08156834  001.69305618
120 Linear Feature 3
111  49.08154071  001.69302416 20
115  49.08156899  001.69305489
120 Linear Feature 3
111  49.08154153  001.69302284 20
115  49.08156981  001.69305329
120 Linear Feature 3
111  49.08154242  001.69302136 20
115  49.08157057  001.69305181
120 Linear Feature 3
111  49.08154328  001.69301994 20
115  49.08157137  001.69305022
120 Linear Feature 2
111  49.08157217  001.69304865 20
111  49.08154408  001.69301863 20
111  49.08154328  001.69301994 20
111  49.08154242  001.69302136 20
111  49.08154153  001.69302284 20
111  49.08154071  001.69302416 20
111  49.08153996  001.69302541 20
111  49.08153908  001.69302684 20
111  49.08156756  001.69305770 20
111  49.08156834  001.69305618 20
111  49.08156899  001.69305489 20
111  49.08156981  001.69305329 20
111  49.08157057  001.69305181 20
113  49.08157137  001.69305022 20
120 Linear Feature 3
111  49.07933889  001.69065959 20
115  49.07936727  001.69069037
120 Linear Feature 3
111  49.07933965  001.69065834 20
115  49.07936793  001.69068909
120 Linear Feature 3
111  49.07934046  001.69065702 20
115  49.07936874  001.69068748
120 Linear Feature 3
111  49.07934135  001.69065554 20
115  49.07936950  001.69068599
120 Linear Feature 3
111  49.07934221  001.69065414 20
115  49.07937031  001.69068441
120 Linear Feature 2
111  49.07937110  001.69068285 20
111  49.07934301  001.69065282 20
111  49.07934221  001.69065414 20
111  49.07934135  001.69065554 20
111  49.07934046  001.69065702 20
111  49.07933965  001.69065834 20
111  49.07933889  001.69065959 20
111  49.07933801  001.69066102 20
111  49.07936649  001.69069190 20
111  49.07936727  001.69069037 20
111  49.07936793  001.69068909 20
111  49.07936874  001.69068748 20
111  49.07936950  001.69068599 20
113  49.07937031  001.69068441 20
120 Linear Feature 3
111  49.07861161  001.68987723 20
115  49.07863999  001.68990801
120 Linear Feature 3
111  49.07861237  001.68987598 20
115  49.07864065  001.68990672
120 Linear Feature 3
111  49.07861318  001.68987465 20
115  49.07864146  001.68990512
120 Linear Feature 3
111  49.07861407  001.68987318 20
115  49.07864222  001.68990364
120 Linear Feature 3
111  49.07861494  001.68987177 20
115  49.07864302  001.68990205
120 Linear Feature 2
111  49.07864383  001.68990048 20
111  49.07861573  001.68987046 20
111  49.07861494  001.68987177 20
111  49.07861407  001.68987318 20
111  49.07861318  001.68987465 20
111  49.07861237  001.68987598 20
111  49.07861161  001.68987723 20
111  49.07861074  001.68987867 20
111  49.07863922  001.68990953 20
111  49.07863999  001.68990801 20
111  49.07864065  001.68990672 20
111  49.07864146  001.68990512 20
111  49.07864222  001.68990364 20
113  49.07864302  001.68990205 20
120 Linear Feature 3
111  49.07782887  001.69010694 20
115  49.07780977  001.69015137
120 Linear Feature 3
111  49.07782971  001.69010805 20
115  49.07781063  001.69015232
120 Linear Feature 3
111  49.07783061  001.69010923 20
115  49.07781171  001.69015351
120 Linear Feature 3
111  49.07783161  001.69011055 20
115  49.07781271  001.69015460
120 Linear Feature 3
111  49.07783256  001.69011181 20
115  49.07781378  001.69015578
120 Linear Feature 2
111  49.07781483  001.69015695 20
111  49.07783345  001.69011297 20
111  49.07783256  001.69011181 20
111  49.07783161  001.69011055 20
111  49.07783061  001.69010923 20
111  49.07782971  001.69010805 20
111  49.07782887  001.69010694 20
111  49.07782790  001.69010566 20
111  49.07780874  001.69015025 20
111  49.07780977  001.69015137 20
111  49.07781063  001.69015232 20
111  49.07781171  001.69015351 20
111  49.07781271  001.69015460 20
113  49.07781378  001.69015578 20
120 Linear Feature 3
111  49.07706567  001.68942148 20
115  49.07704622  001.68946555
120 Linear Feature 3
111  49.07706650  001.68942260 20
115  49.07704707  001.68946651
120 Linear Feature 3
111  49.07706739  001.68942381 20
115  49.07704815  001.68946773
120 Linear Feature 3
111  49.07706838  001.68942513 20
115  49.07704913  001.68946884
120 Linear Feature 3
111  49.07706933  001.68942642 20
115  49.07705019  001.68947003
120 Linear Feature 2
111  49.07705123  001.68947121 20
111  49.07707020  001.68942760 20
111  49.07706933  001.68942642 20
111  49.07706838  001.68942513 20
111  49.07706739  001.68942381 20
111  49.07706650  001.68942260 20
111  49.07706567  001.68942148 20
111  49.07706471  001.68942018 20
111  49.07704520  001.68946440 20
111  49.07704622  001.68946555 20
111  49.07704707  001.68946651 20
111  49.07704815  001.68946773 20
111  49.07704913  001.68946884 20
113  49.07705019  001.68947003 20
120 Linear Feature 3
111  49.08351161  001.69349651 20
115  49.08354000  001.69352728
120 Linear Feature 3
111  49.08351237  001.69349526 20
115  49.08354065  001.69352600
120 Linear Feature 3
111  49.08351318  001.69349394 20
115  49.08354147  001.69352440
120 Linear Feature 3
111  49.08351408  001.69349246 20
115  49.08354223  001.69352291
120 Linear Feature 3
111  49.08351494  001.69349106 20
115  49.08354303  001.69352134
120 Linear Feature 2
111  49.08354383  001.69351977 20
111  49.08351574  001.69348974 20
111  49.08351494  001.69349106 20
111  49.08351408  001.69349246 20
111  49.08351318  001.69349394 20
111  49.08351237  001.69349526 20
111  49.08351161  001.69349651 20
111  49.08351074  001.69349794 20
111  49.08353922  001.69352882 20
111  49.08354000  001.69352728 20
111  49.08354065  001.69352600 20
111  49.08354147  001.69352440 20
111  49.08354223  001.69352291 20
113  49.08354303  001.69352134 20
120 Linear Feature 3
111  49.08278672  001.69270572 20
115  49.08281511  001.69273650
120 Linear Feature 3
111  49.08278748  001.69270448 20
115  49.08281576  001.69273522
120 Linear Feature 3
111  49.08278829  001.69270315 20
115  49.08281658  001.69273360
120 Linear Feature 3
111  49.08278919  001.69270168 20
115  49.08281733  001.69273213
120 Linear Feature 3
111  49.08279005  001.69270026 20
115  49.08281813  001.69273054
120 Linear Feature 2
111  49.08281894  001.69272899 20
111  49.08279085  001.69269896 20
111  49.08279005  001.69270026 20
111  49.08278919  001.69270168 20
111  49.08278829  001.69270315 20
111  49.08278748  001.69270448 20
111  49.08278672  001.69270572 20
111  49.08278585  001.69270716 20
111  49.08281433  001.69273803 20
111  49.08281511  001.69273650 20
111  49.08281576  001.69273522 20
111  49.08281658  001.69273360 20
111  49.08281733  001.69273213 20
113  49.08281813  001.69273054 20
120 Linear Feature 3
111  49.08205163  001.69191819 20
115  49.08208001  001.69194897
120 Linear Feature 3
111  49.08205239  001.69191695 20
115  49.08208067  001.69194768
120 Linear Feature 3
111  49.08205320  001.69191561 20
115  49.08208149  001.69194607
120 Linear Feature 3
111  49.08205410  001.69191415 20
115  49.08208224  001.69194460
120 Linear Feature 3
111  49.08205496  001.69191273 20
115  49.08208305  001.69194301
120 Linear Feature 2
111  49.08208385  001.69194144 20
111  49.08205575  001.69191142 20
111  49.08205496  001.69191273 20
111  49.08205410  001.69191415 20
111  49.08205320  001.69191561 20
111  49.08205239  001.69191695 20
111  49.08205163  001.69191819 20
111  49.08205076  001.69191963 20
111  49.08207924  001.69195049 20
111  49.08208001  001.69194897 20
111  49.08208067  001.69194768 20
111  49.08208149  001.69194607 20
111  49.08208224  001.69194460 20
113  49.08208305  001.69194301 20
120 Linear Feature 3
111  49.07985974  001.68956536 20
115  49.07988783  001.68959676
120 Linear Feature 3
111  49.07986051  001.68956414 20
115  49.07988849  001.68959548
120 Linear Feature 3
111  49.07986133  001.68956283 20
115  49.07988933  001.68959389
120 Linear Feature 3
111  49.07986224  001.68956137 20
115  49.07989010  001.68959244
120 Linear Feature 3
111  49.07986312  001.68955997 20
115  49.07989092  001.68959087
120 Linear Feature 2
111  49.07989173  001.68958931 20
111  49.07986393  001.68955869 20
111  49.07986312  001.68955997 20
111  49.07986224  001.68956137 20
111  49.07986133  001.68956283 20
111  49.07986051  001.68956414 20
111  49.07985974  001.68956536 20
111  49.07985885  001.68956678 20
111  49.07988704  001.68959827 20
111  49.07988783  001.68959676 20
111  49.07988849  001.68959548 20
111  49.07988933  001.68959389 20
111  49.07989010  001.68959244 20
113  49.07989092  001.68959087 20
120 Linear Feature 3
111  49.07912084  001.68876884 20
115  49.07914922  001.68879962
120 Linear Feature 3
111  49.07912160  001.68876760 20
115  49.07914988  001.68879834
120 Linear Feature 3
111  49.07912241  001.68876627 20
115  49.07915070  001.68879674
120 Linear Feature 3
111  49.07912331  001.68876480 20
115  49.07915145  001.68879525
120 Linear Feature 3
111  49.07912417  001.68876339 20
115  49.07915225  001.68879367
120 Linear Feature 2
111  49.07915306  001.68879210 20
111  49.07912496  001.68876208 20
111  49.07912417  001.68876339 20
111  49.07912331  001.68876480 20
111  49.07912241  001.68876627 20
111  49.07912160  001.68876760 20
111  49.07912084  001.68876884 20
111  49.07911997  001.68877029 20
111  49.07914845  001.68880115 20
111  49.07914922  001.68879962 20
111  49.07914988  001.68879834 20
111  49.07915070  001.68879674 20
111  49.07915145  001.68879525 20
113  49.07915225  001.68879367 20
120 Linear Feature 3
111  49.08118535  001.68149171 20
115  49.08116654  001.68153643
120 Linear Feature 3
111  49.08118620  001.68149281 20
115  49.08116740  001.68153737
120 Linear Feature 3
111  49.08118710  001.68149398 20
115  49.08116849  001.68153854
120 Linear Feature 3
111  49.08118811  001.68149528 20
115  49.08116950  001.68153963
120 Linear Feature 3
111  49.08118908  001.68149653 20
115  49.08117058  001.68154078
120 Linear Feature 2
111  49.08117163  001.68154193 20
111  49.08118997  001.68149769 20
111  49.08118908  001.68149653 20
111  49.08118811  001.68149528 20
111  49.08118710  001.68149398 20
111  49.08118620  001.68149281 20
111  49.08118535  001.68149171 20
111  49.08118437  001.68149045 20
111  49.08116550  001.68153532 20
111  49.08116654  001.68153643 20
111  49.08116740  001.68153737 20
111  49.08116849  001.68153854 20
111  49.08116950  001.68153963 20
113  49.08117058  001.68154078 20
120 Linear Feature 3
111  49.08072183  001.68268544 20
115  49.08070302  001.68273017
120 Linear Feature 3
111  49.08072268  001.68268654 20
115  49.08070388  001.68273110
120 Linear Feature 3
111  49.08072358  001.68268771 20
115  49.08070497  001.68273228
120 Linear Feature 3
111  49.08072459  001.68268902 20
115  49.08070598  001.68273336
120 Linear Feature 3
111  49.08072556  001.68269027 20
115  49.08070706  001.68273451
120 Linear Feature 2
111  49.08070811  001.68273566 20
111  49.08072645  001.68269142 20
111  49.08072556  001.68269027 20
111  49.08072459  001.68268902 20
111  49.08072358  001.68268771 20
111  49.08072268  001.68268654 20
111  49.08072183  001.68268544 20
111  49.08072085  001.68268418 20
111  49.08070198  001.68272905 20
111  49.08070302  001.68273017 20
111  49.08070388  001.68273110 20
111  49.08070497  001.68273228 20
111  49.08070598  001.68273336 20
113  49.08070706  001.68273451 20
120 Linear Feature 3
111  49.08027044  001.68384410 20
115  49.08025163  001.68388882
120 Linear Feature 3
111  49.08027129  001.68384520 20
115  49.08025250  001.68388976
120 Linear Feature 3
111  49.08027219  001.68384637 20
115  49.08025358  001.68389093
120 Linear Feature 3
111  49.08027320  001.68384767 20
115  49.08025459  001.68389201
120 Linear Feature 3
111  49.08027417  001.68384892 20
115  49.08025567  001.68389317
120 Linear Feature 2
111  49.08025672  001.68389432 20
111  49.08027506  001.68385008 20
111  49.08027417  001.68384892 20
111  49.08027320  001.68384767 20
111  49.08027219  001.68384637 20
111  49.08027129  001.68384520 20
111  49.08027044  001.68384410 20
111  49.08026946  001.68384284 20
111  49.08025059  001.68388771 20
111  49.08025163  001.68388882 20
111  49.08025250  001.68388976 20
111  49.08025358  001.68389093 20
111  49.08025459  001.68389201 20
113  49.08025567  001.68389317 20
120 Linear Feature 3
111  49.07981394  001.68501272 20
115  49.07979513  001.68505745
120 Linear Feature 3
111  49.07981479  001.68501382 20
115  49.07979599  001.68505838
120 Linear Feature 3
111  49.07981569  001.68501499 20
115  49.07979708  001.68505955
120 Linear Feature 3
111  49.07981670  001.68501629 20
115  49.07979809  001.68506063
120 Linear Feature 3
111  49.07981767  001.68501754 20
115  49.07979917  001.68506179
120 Linear Feature 2
111  49.07980022  001.68506294 20
111  49.07981856  001.68501870 20
111  49.07981767  001.68501754 20
111  49.07981670  001.68501629 20
111  49.07981569  001.68501499 20
111  49.07981479  001.68501382 20
111  49.07981394  001.68501272 20
111  49.07981296  001.68501146 20
111  49.07979409  001.68505633 20
111  49.07979513  001.68505745 20
111  49.07979599  001.68505838 20
111  49.07979708  001.68505955 20
111  49.07979809  001.68506063 20
113  49.07979917  001.68506179 20
120 Linear Feature 3
111  49.07934352  001.68617708 20
115  49.07932471  001.68622181
120 Linear Feature 3
111  49.07934437  001.68617818 20
115  49.07932558  001.68622274
120 Linear Feature 3
111  49.07934528  001.68617935 20
115  49.07932666  001.68622391
120 Linear Feature 3
111  49.07934628  001.68618065 20
115  49.07932767  001.68622499
120 Linear Feature 3
111  49.07934725  001.68618190 20
115  49.07932875  001.68622615
120 Linear Feature 2
111  49.07932981  001.68622730 20
111  49.07934814  001.68618306 20
111  49.07934725  001.68618190 20
111  49.07934628  001.68618065 20
111  49.07934528  001.68617935 20
111  49.07934437  001.68617818 20
111  49.07934352  001.68617708 20
111  49.07934254  001.68617582 20
111  49.07932367  001.68622069 20
111  49.07932471  001.68622181 20
111  49.07932558  001.68622274 20
111  49.07932666  001.68622391 20
111  49.07932767  001.68622499 20
113  49.07932875  001.68622615 20
120 Linear Feature 3
111  49.07889537  001.68736268 20
115  49.07887656  001.68740740
120 Linear Feature 3
111  49.07889622  001.68736378 20
115  49.07887743  001.68740834
120 Linear Feature 3
111  49.07889712  001.68736495 20
115  49.07887851  001.68740951
120 Linear Feature 3
111  49.07889813  001.68736625 20
115  49.07887952  001.68741059
120 Linear Feature 3
111  49.07889910  001.68736750 20
115  49.07888060  001.68741174
120 Linear Feature 2
111  49.07888165  001.68741290 20
111  49.07889999  001.68736865 20
111  49.07889910  001.68736750 20
111  49.07889813  001.68736625 20
111  49.07889712  001.68736495 20
111  49.07889622  001.68736378 20
111  49.07889537  001.68736268 20
111  49.07889439  001.68736142 20
111  49.07887552  001.68740629 20
111  49.07887656  001.68740740 20
111  49.07887743  001.68740834 20
111  49.07887851  001.68740951 20
111  49.07887952  001.68741059 20
113  49.07888060  001.68741174 20
120 Linear Feature 3
111  49.08042164  001.68080709 20
115  49.08040267  001.68085164
120 Linear Feature 3
111  49.08042248  001.68080819 20
115  49.08040354  001.68085259
120 Linear Feature 3
111  49.08042338  001.68080937 20
115  49.08040462  001.68085378
120 Linear Feature 3
111  49.08042439  001.68081068 20
115  49.08040562  001.68085486
120 Linear Feature 3
111  49.08042535  001.68081194 20
115  49.08040669  001.68085603
120 Linear Feature 2
111  49.08040775  001.68085718 20
111  49.08042624  001.68081309 20
111  49.08042535  001.68081194 20
111  49.08042439  001.68081068 20
111  49.08042338  001.68080937 20
111  49.08042248  001.68080819 20
111  49.08042164  001.68080709 20
111  49.08042066  001.68080582 20
111  49.08040164  001.68085053 20
111  49.08040267  001.68085164 20
111  49.08040354  001.68085259 20
111  49.08040462  001.68085378 20
111  49.08040562  001.68085486 20
113  49.08040669  001.68085603 20
120 Linear Feature 3
111  49.07996250  001.68198846 20
115  49.07994352  001.68203302
120 Linear Feature 3
111  49.07996334  001.68198956 20
115  49.07994440  001.68203397
120 Linear Feature 3
111  49.07996424  001.68199074 20
115  49.07994548  001.68203515
120 Linear Feature 3
111  49.07996524  001.68199205 20
115  49.07994648  001.68203623
120 Linear Feature 3
111  49.07996621  001.68199331 20
115  49.07994755  001.68203740
120 Linear Feature 2
111  49.07994861  001.68203855 20
111  49.07996710  001.68199447 20
111  49.07996621  001.68199331 20
111  49.07996524  001.68199205 20
111  49.07996424  001.68199074 20
111  49.07996334  001.68198956 20
111  49.07996250  001.68198846 20
111  49.07996152  001.68198719 20
111  49.07994250  001.68203190 20
111  49.07994352  001.68203302 20
111  49.07994440  001.68203397 20
111  49.07994548  001.68203515 20
111  49.07994648  001.68203623 20
113  49.07994755  001.68203740 20
120 Linear Feature 3
111  49.07950893  001.68315926 20
115  49.07948996  001.68320382
120 Linear Feature 3
111  49.07950977  001.68316037 20
115  49.07949083  001.68320477
120 Linear Feature 3
111  49.07951068  001.68316154 20
115  49.07949191  001.68320595
120 Linear Feature 3
111  49.07951168  001.68316286 20
115  49.07949291  001.68320703
120 Linear Feature 3
111  49.07951265  001.68316411 20
115  49.07949398  001.68320820
120 Linear Feature 2
111  49.07949505  001.68320936 20
111  49.07951354  001.68316527 20
111  49.07951265  001.68316411 20
111  49.07951168  001.68316286 20
111  49.07951068  001.68316154 20
111  49.07950977  001.68316037 20
111  49.07950893  001.68315926 20
111  49.07950796  001.68315799 20
111  49.07948893  001.68320270 20
111  49.07948996  001.68320382 20
111  49.07949083  001.68320477 20
111  49.07949191  001.68320595 20
111  49.07949291  001.68320703 20
113  49.07949398  001.68320820 20
120 Linear Feature 3
111  49.07905243  001.68432788 20
115  49.07903346  001.68437244
120 Linear Feature 3
111  49.07905328  001.68432899 20
115  49.07903433  001.68437339
120 Linear Feature 3
111  49.07905418  001.68433017 20
115  49.07903541  001.68437458
120 Linear Feature 3
111  49.07905518  001.68433148 20
115  49.07903641  001.68437566
120 Linear Feature 3
111  49.07905614  001.68433273 20
115  49.07903748  001.68437683
120 Linear Feature 2
111  49.07903855  001.68437798 20
111  49.07905703  001.68433389 20
111  49.07905614  001.68433273 20
111  49.07905518  001.68433148 20
111  49.07905418  001.68433017 20
111  49.07905328  001.68432899 20
111  49.07905243  001.68432788 20
111  49.07905145  001.68432661 20
111  49.07903243  001.68437133 20
111  49.07903346  001.68437244 20
111  49.07903433  001.68437339 20
111  49.07903541  001.68437458 20
111  49.07903641  001.68437566 20
113  49.07903748  001.68437683 20
120 Linear Feature 3
111  49.07859803  001.68550371 20
115  49.07857906  001.68554827
120 Linear Feature 3
111  49.07859888  001.68550482 20
115  49.07857993  001.68554922
120 Linear Feature 3
111  49.07859978  001.68550599 20
115  49.07858101  001.68555040
120 Linear Feature 3
111  49.07860078  001.68550730 20
115  49.07858201  001.68555148
120 Linear Feature 3
111  49.07860175  001.68550856 20
115  49.07858308  001.68555265
120 Linear Feature 2
111  49.07858415  001.68555380 20
111  49.07860264  001.68550972 20
111  49.07860175  001.68550856 20
111  49.07860078  001.68550730 20
111  49.07859978  001.68550599 20
111  49.07859888  001.68550482 20
111  49.07859803  001.68550371 20
111  49.07859706  001.68550244 20
111  49.07857804  001.68554715 20
111  49.07857906  001.68554827 20
111  49.07857993  001.68554922 20
111  49.07858101  001.68555040 20
111  49.07858201  001.68555148 20
113  49.07858308  001.68555265 20
120 Linear Feature 3
111  49.07813386  001.68667784 20
115  49.07811489  001.68672240
120 Linear Feature 3
111  49.07813471  001.68667895 20
115  49.07811576  001.68672335
120 Linear Feature 3
111  49.07813561  001.68668012 20
115  49.07811684  001.68672453
120 Linear Feature 3
111  49.07813661  001.68668144 20
115  49.07811784  001.68672561
120 Linear Feature 3
111  49.07813758  001.68668269 20
115  49.07811891  001.68672678
120 Linear Feature 2
111  49.07811998  001.68672793 20
111  49.07813847  001.68668385 20
111  49.07813758  001.68668269 20
111  49.07813661  001.68668144 20
111  49.07813561  001.68668012 20
111  49.07813471  001.68667895 20
111  49.07813386  001.68667784 20
111  49.07813289  001.68667657 20
111  49.07811386  001.68672128 20
111  49.07811489  001.68672240 20
111  49.07811576  001.68672335 20
111  49.07811684  001.68672453 20
111  49.07811784  001.68672561 20
113  49.07811891  001.68672678 20
120 Linear Feature 3
111  49.08122937  001.68001248 20
115  49.08126054  001.68003667
120 Linear Feature 3
111  49.08123027  001.68001017 20
115  49.08126136  001.68003455
120 Linear Feature 3
111  49.08123121  001.68000771 20
115  49.08126239  001.68003191
120 Linear Feature 3
111  49.08123226  001.68000499 20
115  49.08126334  001.68002946
120 Linear Feature 3
111  49.08123326  001.68000237 20
115  49.08126436  001.68002685
120 Linear Feature 2
111  49.08126536  001.68002426 20
111  49.08123420  001.67999995 20
111  49.08123326  001.68000237 20
111  49.08123226  001.68000499 20
111  49.08123121  001.68000771 20
111  49.08123027  001.68001017 20
111  49.08122937  001.68001248 20
111  49.08122835  001.68001513 20
111  49.08125957  001.68003919 20
111  49.08126054  001.68003667 20
111  49.08126136  001.68003455 20
111  49.08126239  001.68003191 20
111  49.08126334  001.68002946 20
113  49.08126436  001.68002685 20
120 Linear Feature 3
111  49.07715820  001.69058171 20
115  49.07712869  001.69055308
120 Linear Feature 3
111  49.07715717  001.69058388 20
115  49.07712773  001.69055508
120 Linear Feature 3
111  49.07715608  001.69058618 20
115  49.07712655  001.69055756
120 Linear Feature 3
111  49.07715486  001.69058874 20
115  49.07712545  001.69055985
120 Linear Feature 3
111  49.07715370  001.69059120 20
115  49.07712428  001.69056230
120 Linear Feature 2
111  49.07712311  001.69056474 20
111  49.07715261  001.69059347 20
111  49.07715370  001.69059120 20
111  49.07715486  001.69058874 20
111  49.07715608  001.69058618 20
111  49.07715717  001.69058388 20
111  49.07715820  001.69058171 20
111  49.07715938  001.69057922 20
111  49.07712981  001.69055072 20
111  49.07712869  001.69055308 20
111  49.07712773  001.69055508 20
111  49.07712655  001.69055756 20
111  49.07712545  001.69055985 20
113  49.07712428  001.69056230 20
120 Linear Feature 3
111  49.07741999  001.68779745 20
115  49.07743968  001.68775334
120 Linear Feature 3
111  49.07741860  001.68779580 20
115  49.07743841  001.68775182
120 Linear Feature 3
111  49.07741713  001.68779407 20
115  49.07743682  001.68774993
120 Linear Feature 3
111  49.07741550  001.68779213 20
115  49.07743535  001.68774818
120 Linear Feature 3
111  49.07741392  001.68779027 20
115  49.07743379  001.68774631
120 Linear Feature 2
111  49.07743223  001.68774446 20
111  49.07741247  001.68778854 20
111  49.07741392  001.68779027 20
111  49.07741550  001.68779213 20
111  49.07741713  001.68779407 20
111  49.07741860  001.68779580 20
111  49.07741999  001.68779745 20
111  49.07742159  001.68779933 20
111  49.07744119  001.68775513 20
111  49.07743968  001.68775334 20
111  49.07743841  001.68775182 20
111  49.07743682  001.68774993 20
111  49.07743535  001.68774818 20
113  49.07743379  001.68774631 20
120 Linear Feature 3
111  49.08399246  001.69487241 20
115  49.08401383  001.69483020
120 Linear Feature 3
111  49.08399113  001.69487064 20
115  49.08401262  001.69482857
120 Linear Feature 3
111  49.08398973  001.69486877 20
115  49.08401110  001.69482653
120 Linear Feature 3
111  49.08398817  001.69486669 20
115  49.08400971  001.69482465
120 Linear Feature 3
111  49.08398668  001.69486468 20
115  49.08400822  001.69482264
120 Linear Feature 2
111  49.08400674  001.69482065 20
111  49.08398529  001.69486283 20
111  49.08398668  001.69486468 20
111  49.08398817  001.69486669 20
111  49.08398973  001.69486877 20
111  49.08399113  001.69487064 20
111  49.08399246  001.69487241 20
111  49.08399397  001.69487444 20
111  49.08401526  001.69483213 20
111  49.08401383  001.69483020 20
111  49.08401262  001.69482857 20
111  49.08401110  001.69482653 20
111  49.08400971  001.69482465 20
113  49.08400822  001.69482264 20
120 Head
111  49.08147226  001.69212540 20
115  49.08144890  001.69210090
120 Base
111  49.08149975  001.69217943 20
115  49.08149426  001.69219126
120 Base
111  49.08151913  001.69213760 20
115  49.08151357  001.69214931
120 1
111  49.08151357  001.69214931 20
111  49.08147226  001.69212540 20
115  49.08149971  001.69217940
120 2
111  49.08151436  001.69214770 20
111  49.08146949  001.69212250 20
115  49.08149910  001.69218074
120 3
111  49.08151507  001.69214615 20
111  49.08146638  001.69211927 20
115  49.08149834  001.69218228
120 4
111  49.08151582  001.69214458 20
111  49.08146368  001.69211641 20
115  49.08149758  001.69218394
120 5
111  49.08151654  001.69214310 20
111  49.08146062  001.69211319 20
115  49.08149677  001.69218559
120 6
111  49.08151725  001.69214159 20
111  49.08145769  001.69211009 20
115  49.08149617  001.69218692
120 7
111  49.08151792  001.69214019 20
111  49.08145466  001.69210689 20
115  49.08149548  001.69218843
120 8
111  49.08151851  001.69213887 20
111  49.08145169  001.69210383 20
115  49.08149489  001.69218990
120 9
111  49.08151913  001.69213760 20
111  49.08144890  001.69210090 20
115  49.08149426  001.69219126
120 Head
111  49.07839281  001.68880578 20
115  49.07841660  001.68882930
120 Base
111  49.07836438  001.68875288 20
115  49.07836965  001.68874085
120 Base
111  49.07834574  001.68879551 20
115  49.07835109  001.68878357
120 1
111  49.07835109  001.68878357 20
111  49.07839281  001.68880578 20
115  49.07836441  001.68875291
120 2
111  49.07835033  001.68878522 20
111  49.07839563  001.68880856 20
115  49.07836500  001.68875156
120 3
111  49.07834964  001.68878679 20
111  49.07839880  001.68881166 20
115  49.07836574  001.68874997
120 4
111  49.07834893  001.68878839 20
111  49.07840155  001.68881441 20
115  49.07836647  001.68874830
120 5
111  49.07834823  001.68878990 20
111  49.07840466  001.68881749 20
115  49.07836725  001.68874662
120 6
111  49.07834755  001.68879144 20
111  49.07840765  001.68882048 20
115  49.07836783  001.68874526
120 7
111  49.07834690  001.68879286 20
111  49.07841073  001.68882356 20
115  49.07836849  001.68874373
120 8
111  49.07834633  001.68879421 20
111  49.07841375  001.68882649 20
115  49.07836905  001.68874223
120 9
111  49.07834574  001.68879551 20
111  49.07841660  001.68882930 20
115  49.07836965  001.68874085
120 Linear Feature 7
111  49.07992992  001.69240836 20
111  49.07992076  001.69240994 20
111  49.07992480  001.69240215 20
113  49.07992591  001.69241615 20
120 Linear Feature 6
111  49.07993104  001.69242186 20
111  49.07992591  001.69241615 20
111  49.07992992  001.69240836 20
111  49.07993517  001.69241385 20
111  49.07993619  001.69242751 20
113  49.07994037  001.69241965 20
120 Linear Feature 5
111  49.07992591  001.69241615 20
111  49.07993517  001.69241385 20
111  49.07993104  001.69242186 20
111  49.07992992  001.69240836 20
111  49.07993104  001.69242186 20
111  49.07992183  001.69242385 20
113  49.07992700  001.69242973 20
120 Linear Feature 9
111  49.07993848  001.69240757 20
115  49.07992992  001.69240836
120 Linear Feature 8
111  49.07992992  001.69240836 20
111  49.07993517  001.69241385 20
111  49.07993328  001.69240197 20
111  49.07994187  001.69240112 20
111  49.07993681  001.69239535 20
111  49.07993848  001.69240757 20
113  49.07993332  001.69240194 20
120 Linear Feature 4
111  49.07995100  001.69239936 20
111  49.07994704  001.69240723 20
111  49.07994187  001.69240112 20
111  49.07993848  001.69240757 20
111  49.07993517  001.69241385 20
111  49.07994037  001.69241965 20
111  49.07993619  001.69242751 20
111  49.07993104  001.69242186 20
111  49.07992700  001.69242973 20
111  49.07992183  001.69242385 20
111  49.07992591  001.69241615 20
111  49.07992076  001.69240994 20
111  49.07992480  001.69240215 20
111  49.07992992  001.69240836 20
111  49.07993332  001.69240194 20
111  49.07993681  001.69239535 20
111  49.07993094  001.69238815 20
111  49.07993535  001.69238026 20
111  49.07994072  001.69238708 20
111  49.07994488  001.69237921 20
111  49.07994979  001.69238568 20
113  49.07994582  001.69239325 20
120 Linear Feature 7
111  49.07994187  001.69240112 20
111  49.07995100  001.69239936 20
111  49.07994704  001.69240723 20
113  49.07994582  001.69239325 20
120 Linear Feature 6
111  49.07994072  001.69238708 20
111  49.07994582  001.69239325 20
111  49.07994187  001.69240112 20
111  49.07993681  001.69239535 20
111  49.07993535  001.69238026 20
113  49.07993094  001.69238815 20
120 Linear Feature 5
111  49.07994582  001.69239325 20
111  49.07993681  001.69239535 20
111  49.07994074  001.69238718 20
111  49.07994187  001.69240112 20
111  49.07994072  001.69238708 20
111  49.07994979  001.69238568 20
113  49.07994488  001.69237921 20
14  49.07819157  001.69056926  39.37 0 ClubViewpoint
1300  49.07929512  001.69168629 216.28 misc props Hangar
1300  49.08098939  001.68009879 120.65 misc props Starter 12
1300  49.07754614  001.68790504  35.37 misc props Starter 04
1300  49.08375387  001.69459608 214.15 misc props Starter 22
1300  49.07703100  001.69003177 297.12 misc props Starter 30
19  49.07997813  001.69239060 0 WS
19  49.07822266  001.69051279 0 WS
51 13415 Mantes Info
99
